LINE1_IN_Complex : (-24.3725335851725-2.63909674692661j)
LINE1_IL1_Complex : (-33.620281670465566+79.29290344285899j)
LINE1_V1_Complex : (-40892.50412873438+79316.06592990452j)  
k0 : (5.174879425956584-0.2750001361783129j)
n0 : (1.7249598086521944-0.09166671205943765j)
LINE1_ZA(788.0229166713762-245.81397275916422j)
LINE1_ZA_Real :788.0229166713762
LINE1_ZA_Imag :-245.81397275916422
LINE1_ZA_Mag : 1036.121043587302
LINE1_ZA_Ang : 4.296999999999996
LINE1_ZA_R : 1033.2085674652187
LINE1_ZA_X : 77.63293811849785
LINE1_ZB_Real : 1983.2949994698104
LINE1_ZB_Imag : -7.662708099182723
LINE1_ZB_Mag : 1024.6873805299604
LINE1_ZB_Ang : -3.123999999999975
LINE1_ZB_R : 1023.1646236056547
LINE1_ZB_X : -55.84246430137883
LINE1_ZC_Real : 645.5305674181033
LINE1_ZC_Imag : 216.16924555066635
LINE1_ZC_Mag : 893.3906787582282
LINE1_ZC_Ang : 4.35299999999999
LINE1_ZC_R : 890.8135591085854
LINE1_ZC_X : 67.80934891578325
LINE1_ZAB_Mag : 1072.3826697448517
LINE1_ZAB_Ang : 0.3676630126204138
LINE1_ZAB_R : 1072.3605910743004
LINE1_ZAB_X : 6.881357414986093
LINE1_ZBC_Mag : 920.9623277290701
LINE1_ZBC_Ang : -1.3216511255594208
LINE1_ZBC_R : 920.7173193098806
LINE1_ZBC_X : -21.242104862149066
LINE1_ZCA_Mag : 958.5479075374332
LINE1_ZCA_Ang : 6.777499347505986
LINE1_ZCA_R : 951.8495076756333
LINE1_ZCA_X : 113.12208352945986
LINE1_IN_Complex : (-24.3725335851725-2.63909674692661j)
LINE1_IL1_Complex : (-33.620281670465566+79.29290344285899j)
LINE1_V1_Complex : (-40892.50412873438+79316.06592990452j)